0 0.1384 0.0692 0.0268 0.0491
0 0.1786 0.0737 0.0357 0.0580
0 0.2522 0.0692 0.0312 0.0491
0 0.3058 0.0781 0.0312 0.0670
0 0.5290 0.0848 0.3705 0.0804
0 0.1652 0.2254 0.0268 0.0402
0 0.3638 0.2321 0.0312 0.0536
0 0.4330 0.2388 0.0446 0.0670
0 0.4866 0.2366 0.0357 0.0625
0 0.5022 0.3103 0.7902 0.0759
0 0.2098 0.4531 0.0357 0.0580
0 0.2835 0.4487 0.0938 0.0491
0 0.6116 0.4487 0.2679 0.0491
0 0.8661 0.4621 0.0357 0.0759
0 0.9286 0.4554 0.0268 0.0625
0 0.5000 0.5402 0.8482 0.0804
0 0.4754 0.6116 0.8973 0.0625
0 0.9420 0.6071 0.0268 0.0536
0 0.1897 0.7321 0.0312 0.0536
0 0.4420 0.7344 0.0357 0.0580
0 0.6964 0.7277 0.0268 0.0446
0 0.8259 0.7366 0.0268 0.0625
0 0.8661 0.7299 0.0357 0.0491
0 0.9174 0.7388 0.0312 0.0670
0 0.2165 0.7991 0.4241 0.0536
0 0.6518 0.7969 0.4107 0.0491
