0 0.2050 0.0104 0.1600 0.0208
0 0.3175 0.0097 0.0200 0.0194
0 0.3438 0.0083 0.0175 0.0167
0 0.4688 0.0104 0.2025 0.0208
0 0.6013 0.0090 0.0175 0.0181
0 0.6350 0.0083 0.0200 0.0167
0 0.7050 0.0083 0.0750 0.0167
0 0.7688 0.0083 0.0375 0.0167
0 0.0238 0.0708 0.0175 0.0167
0 0.3013 0.0729 0.5075 0.0208
0 0.7400 0.0729 0.3550 0.0208
0 0.0163 0.1125 0.0175 0.0167
0 0.1125 0.1139 0.1600 0.0194
0 0.2087 0.1125 0.0175 0.0167
0 0.2637 0.1146 0.0775 0.0208
0 0.4913 0.1125 0.3625 0.0167
0 0.6900 0.1139 0.0200 0.0194
0 0.7675 0.1125 0.0900 0.0167
0 0.8375 0.1125 0.0350 0.0167
0 0.0163 0.1542 0.0175 0.0167
0 0.1275 0.1556 0.1600 0.0194
0 0.2938 0.1549 0.1425 0.0181
0 0.3813 0.1549 0.0175 0.0181
0 0.4138 0.1542 0.0175 0.0167
0 0.6663 0.1562 0.4575 0.0208
0 0.9125 0.1549 0.0200 0.0181
0 0.0887 0.1972 0.1625 0.0194
0 0.2300 0.1979 0.1050 0.0208
0 0.5238 0.1979 0.4675 0.0208
0 0.8625 0.1965 0.1950 0.0181
0 0.0163 0.2375 0.0175 0.0167
0 0.0563 0.2375 0.0175 0.0167
0 0.2050 0.2396 0.2500 0.0208
0 0.3613 0.2382 0.0175 0.0181
0 0.5650 0.2375 0.3750 0.0167
0 0.7775 0.2382 0.0200 0.0181
0 0.8125 0.2375 0.0200 0.0167
0 0.8463 0.2382 0.0175 0.0181
0 0.8712 0.2375 0.0175 0.0167
0 0.9113 0.2382 0.0175 0.0181
0 0.9363 0.2382 0.0175 0.0181
0 0.1087 0.2604 0.2025 0.0208
0 0.2338 0.2590 0.0175 0.0181
0 0.2675 0.2590 0.0200 0.0181
0 0.3013 0.2590 0.0175 0.0181
0 0.3425 0.2590 0.0200 0.0181
0 0.3688 0.2590 0.0175 0.0181
0 0.4813 0.2583 0.1625 0.0167
0 0.5800 0.2590 0.0200 0.0181
0 0.0325 0.2792 0.0350 0.0167
0 0.1537 0.2806 0.1775 0.0194
0 0.3475 0.2812 0.1650 0.0208
0 0.4525 0.2812 0.0300 0.0208
0 0.5875 0.2812 0.2250 0.0208
0 0.7325 0.2799 0.0350 0.0181
0 0.8725 0.2799 0.2150 0.0181
0 0.0700 0.3229 0.1250 0.0208
0 0.1638 0.3208 0.0175 0.0167
0 0.1888 0.3208 0.0175 0.0167
0 0.4537 0.3229 0.4825 0.0208
0 0.8075 0.3229 0.2100 0.0208
0 0.9300 0.3208 0.0200 0.0167
0 0.9650 0.3215 0.0200 0.0181
0 0.0513 0.3438 0.0875 0.0208
0 0.1175 0.3417 0.0300 0.0167
0 0.1562 0.3424 0.0175 0.0181
0 0.1913 0.3424 0.0375 0.0181
0 0.3200 0.3424 0.1750 0.0181
0 0.4388 0.3417 0.0175 0.0167
0 0.5425 0.3431 0.1750 0.0194
0 0.7925 0.3438 0.2950 0.0208
0 0.0312 0.3833 0.0175 0.0167
0 0.0813 0.3840 0.0375 0.0181
0 0.1963 0.3840 0.1625 0.0181
0 0.3025 0.3833 0.0350 0.0167
0 0.3875 0.3854 0.1050 0.0208
0 0.6625 0.3854 0.4000 0.0208
0 0.8788 0.3833 0.0175 0.0167
0 0.0813 0.4264 0.1325 0.0194
0 0.3613 0.4271 0.3975 0.0208
0 0.5775 0.4257 0.0200 0.0181
0 0.0325 0.4674 0.0200 0.0181
0 0.0600 0.4674 0.0200 0.0181
0 0.1013 0.4667 0.0175 0.0167
0 0.1888 0.4688 0.1275 0.0208
0 0.3488 0.4674 0.1625 0.0181
0 0.5200 0.4688 0.1500 0.0208
0 0.6112 0.4667 0.0175 0.0167
0 0.6450 0.4667 0.0200 0.0167
0 0.6787 0.4667 0.0175 0.0167
0 0.7188 0.4667 0.0175 0.0167
0 0.0850 0.4896 0.1250 0.0208
0 0.1775 0.4875 0.0300 0.0167
0 0.2963 0.4889 0.1925 0.0194
0 0.5325 0.4896 0.2500 0.0208
0 0.6900 0.4875 0.0350 0.0167
0 0.7488 0.4882 0.0375 0.0181
0 0.7913 0.4875 0.0175 0.0167
0 0.8175 0.4875 0.0200 0.0167
0 0.0163 0.5500 0.0175 0.0167
0 0.0425 0.5514 0.0200 0.0194
0 0.0850 0.5500 0.0200 0.0167
0 0.1113 0.5507 0.0175 0.0181
0 0.1525 0.5507 0.0350 0.0181
0 0.2025 0.5500 0.0200 0.0167
0 0.2450 0.5514 0.0200 0.0194
0 0.3625 0.5521 0.1850 0.0208
0 0.4788 0.5507 0.0175 0.0181
0 0.5775 0.5500 0.1650 0.0167
0 0.6763 0.5500 0.0175 0.0167
0 0.7163 0.5500 0.0175 0.0167
0 0.8213 0.5507 0.1625 0.0181
0 0.9188 0.5500 0.0175 0.0167
0 0.9663 0.5521 0.0325 0.0208
0 0.0238 0.5708 0.0175 0.0167
0 0.2275 0.5708 0.3450 0.0167
0 0.4938 0.5715 0.1425 0.0181
0 0.7338 0.5722 0.2925 0.0194
0 0.0175 0.5924 0.0200 0.0181
0 0.0600 0.5917 0.0200 0.0167
0 0.0950 0.5924 0.0350 0.0181
0 0.3588 0.5938 0.4775 0.0208
0 0.6138 0.5924 0.0175 0.0181
0 0.6562 0.5924 0.0375 0.0181
0 0.6925 0.5924 0.0200 0.0181
0 0.7362 0.5924 0.0375 0.0181
0 0.7863 0.5917 0.0175 0.0167
0 0.8725 0.5917 0.1250 0.0167
0 0.0887 0.6125 0.1625 0.0167
0 0.2025 0.6125 0.0200 0.0167
0 0.2437 0.6132 0.0175 0.0181
0 0.2850 0.6132 0.0200 0.0181
0 0.5188 0.6146 0.4025 0.0208
0 0.7375 0.6139 0.0200 0.0194
0 0.7650 0.6132 0.0200 0.0181
0 0.8075 0.6125 0.0200 0.0167
0 0.8413 0.6125 0.0175 0.0167
0 0.0163 0.6549 0.0175 0.0181
0 0.1125 0.6549 0.1600 0.0181
0 0.2812 0.6549 0.1625 0.0181
0 0.4388 0.6549 0.1225 0.0181
0 0.5850 0.6542 0.1550 0.0167
0 0.6875 0.6549 0.0200 0.0181
0 0.7300 0.6556 0.0200 0.0194
0 0.0163 0.6958 0.0175 0.0167
0 0.0588 0.6972 0.0375 0.0194
0 0.2825 0.6958 0.3650 0.0167
0 0.5613 0.6965 0.1625 0.0181
0 0.6675 0.6965 0.0200 0.0181
0 0.7800 0.6965 0.1750 0.0181
0 0.8912 0.6958 0.0175 0.0167
0 0.1200 0.7590 0.2100 0.0181
0 0.2975 0.7604 0.1300 0.0208
0 0.3875 0.7590 0.0350 0.0181
0 0.4788 0.7604 0.1175 0.0208
0 0.6325 0.7597 0.1600 0.0194
0 0.7275 0.7604 0.0150 0.0208
0 0.7750 0.7590 0.0350 0.0181
0 0.8100 0.7583 0.0200 0.0167
0 0.8525 0.7590 0.0200 0.0181
0 0.8862 0.7590 0.0175 0.0181
0 0.0175 0.7799 0.0200 0.0181
0 0.0450 0.7792 0.0200 0.0167
0 0.2238 0.7806 0.3075 0.0194
0 0.4250 0.7806 0.0800 0.0194
0 0.4900 0.7792 0.0200 0.0167
0 0.6250 0.7812 0.2050 0.0208
0 0.7438 0.7792 0.0175 0.0167
0 0.7762 0.7799 0.0175 0.0181
0 0.8025 0.7792 0.0200 0.0167
0 0.8287 0.7799 0.0175 0.0181
0 0.8613 0.7792 0.0175 0.0167
0 0.4375 0.8208 0.0200 0.0167
0 0.4637 0.8208 0.0175 0.0167
0 0.5587 0.8222 0.1425 0.0194
0 0.6462 0.8208 0.0175 0.0167
0 0.7588 0.8215 0.1925 0.0181
0 0.8712 0.8208 0.0175 0.0167
0 0.8975 0.8215 0.0200 0.0181
0 0.9250 0.8215 0.0200 0.0181
0 0.9587 0.8215 0.0175 0.0181
0 0.0250 0.8597 0.0200 0.0167
0 0.0525 0.8597 0.0200 0.0167
0 0.4363 0.8604 0.0175 0.0181
0 0.6863 0.8618 0.4675 0.0208
0 0.9537 0.8611 0.0375 0.0194
0 0.0163 0.9014 0.0175 0.0167
0 0.4300 0.9021 0.0200 0.0181
0 0.4637 0.9014 0.0175 0.0167
0 0.5125 0.9021 0.0350 0.0181
0 0.5537 0.9014 0.0175 0.0167
0 0.7762 0.9035 0.3975 0.0208
0 0.0250 0.9438 0.0200 0.0181
0 0.0663 0.9431 0.0175 0.0167
0 0.4363 0.9438 0.0175 0.0181
0 0.4863 0.9431 0.0375 0.0167
0 0.5288 0.9431 0.0175 0.0167
0 0.7063 0.9451 0.2925 0.0208
0 0.4363 0.9639 0.0175 0.0167
0 0.4688 0.9639 0.0175 0.0167
0 0.5038 0.9646 0.0375 0.0181
0 0.5537 0.9639 0.0175 0.0167
0 0.6550 0.9653 0.1550 0.0194
0 0.7500 0.9639 0.0200 0.0167
0 0.8600 0.9653 0.1850 0.0194
